{
  "nbformat": 4,
  "nbformat_minor": 0,
  "metadata": {
    "colab": {
      "provenance": []
    },
    "kernelspec": {
      "name": "python3",
      "display_name": "Python 3"
    },
    "language_info": {
      "name": "python"
    }
  },
  "cells": [
    {
      "cell_type": "code",
      "execution_count": 10,
      "metadata": {
        "colab": {
          "base_uri": "https://localhost:8080/"
        },
        "id": "C--6Vm6f6JKw",
        "outputId": "9110023a-bd89-4db6-c9b8-55864008c360"
      },
      "outputs": [
        {
          "output_type": "stream",
          "name": "stdout",
          "text": [
            "\n",
            "Matrix 1 \n",
            " [[  3   8 -10]\n",
            " [  2  -7  -5]\n",
            " [  6   8   9]]\n",
            "\n",
            "Inverse of matrix #1 (numpy):\n",
            "[[ 0.02226525  0.14714424  0.10648596]\n",
            " [ 0.0464666  -0.08422072  0.00484027]\n",
            " [-0.05614714 -0.0232333   0.03581801]]\n",
            "\n",
            "Check M * (M inverse):\n",
            "[[ 1.00000000e+00  1.38777878e-17 -8.32667268e-17]\n",
            " [-7.63278329e-17  1.00000000e+00 -1.38777878e-17]\n",
            " [-6.93889390e-18 -3.46944695e-17  1.00000000e+00]]\n",
            "\n",
            "Matrix 2 \n",
            " [[-10   6   2]\n",
            " [ -4   0   8]\n",
            " [  9  -9  -9]]\n",
            "\n",
            "Inverse of matrix #2 (numpy):\n",
            "[[-0.16666667 -0.08333333 -0.11111111]\n",
            " [-0.08333333 -0.16666667 -0.16666667]\n",
            " [-0.08333333  0.08333333 -0.05555556]]\n",
            "\n",
            "Check M * (M inverse):\n",
            "[[ 1.00000000e+00  1.94289029e-16  9.71445147e-17]\n",
            " [ 1.11022302e-16  1.00000000e+00  0.00000000e+00]\n",
            " [-1.52655666e-16 -1.80411242e-16  1.00000000e+00]]\n",
            "\n",
            "Matrix 3 \n",
            " [[ 5 -9  2]\n",
            " [ 0  0 -8]\n",
            " [ 0 -1  6]]\n",
            "\n",
            "Inverse of matrix #3 (numpy):\n",
            "[[ 0.2   -1.3   -1.8  ]\n",
            " [-0.    -0.75  -1.   ]\n",
            " [-0.    -0.125 -0.   ]]\n",
            "\n",
            "Check M * (M inverse):\n",
            "[[1. 0. 0.]\n",
            " [0. 1. 0.]\n",
            " [0. 0. 1.]]\n"
          ]
        }
      ],
      "source": [
        "import numpy as np\n",
        "\n",
        "rng = np.random.default_rng()\n",
        "\n",
        "matrices = []\n",
        "inverses = []\n",
        "\n",
        "while len(matrices) < 3:\n",
        "    M = rng.integers(-10, 11, size=(3, 3))\n",
        "    if abs(np.linalg.det(M)) < 1e-9:\n",
        "        continue\n",
        "    matrices.append(M)\n",
        "    inverses.append(np.linalg.inv(M))\n",
        "\n",
        "for i, (M, Minv) in enumerate(zip(matrices, inverses), start = 1):\n",
        "    print(f\"\\nMatrix\",i,\"\\n\", M)\n",
        "    print(f\"\\nInverse of matrix #{i} (numpy):\\n{Minv}\")\n",
        "    print(f\"\\nCheck M * (M inverse):\\n{M @ Minv}\")\n"
      ]
    }
  ]
}